32158 350 3871 98
20923 362 4477 189
14116 253 300 30
29318 446 2998 190
28273 472 5082 165
53067 640 1039 69
46392 730 882 45
41714 649 725 46
19643 387 6298 199
24205 484 2878 145
14751 184 14751 184
6501 216 835 71
38140 456 6461 167
19692 484 2405 165
43732 552 4829 144
11402 287 3 1
25182 419 3149 131
28194 434 2220 197
26326 670 19818 606
39933 604 3126 173
33842 766 987 134
19844 326 2880 96
62203 872 390 43
36683 558 196 28
38614 666 2840 147
16873 458 16873 458
38210 770 3149 225
42846 632 10512 271
14659 182 988 57
51377 690 5255 201
23440 423 1461 143
46968 556 3410 171
26967 511 4354 197
18369 367 11206 288
26079 384 9861 237
41253 551 6135 213
20980 479 20980 479
16882 303 456 38
29510 531 26866 511
34900 720 1024 98
8426 224 804 78
25131 344 21355 312
21981 542 16365 488
37730 764 4957 257
18568 566 1977 262
21066 308 1776 124
17179 310 7528 188
32595 545 6969 327
46515 507 4860 100
37461 516 18135 330
41485 538 12644 330
8766 268 3374 193
32918 707 6242 323
36072 491 7127 217
18955 453 795 160
24151 544 8409 339
30344 380 11883 260
29549 504 4658 203
24050 520 16187 446
38636 623 1619 167
34871 624 5966 240
39048 435 7579 119
27707 624 9801 370
20525 400 20525 400
50241 774 754 70
35839 429 7014 143
24823 289 4754 109
35509 557 2865 189
33297 580 4355 217
26214 444 4588 145
62216 909 4156 231
10914 304 7861 261
15472 370 6558 270
34248 542 13902 308
11784 254 3323 141
71150 892 25739 497
29901 291 24 2
18848 350 1425 95
29998 420 5080 140
68541 1072 2209 198
31910 511 2453 168
36043 491 7023 163
25174 266 8928 140
36060 600 740 78
27749 315 731 43
46251 551 6762 148
14740 380 1428 170
16461 312 563 79
36553 455 600 20
57956 539 1196 42
25699 466 1103 104
39709 552 2312 136
25494 335 1080 30
23466 573 6716 302
57720 713 24 2
27530 432 2880 84
12136 206 856 52
21747 436 11695 316
40505 709 5599 243
11026 288 1007 53
36228 576 7022 209
23703 412 5784 164
23994 350 2475 79
36668 552 1203 124
32133 564 1788 84
31894 415 6939 168
21064 442 500 25
13173 243 13173 243
68177 685 28800 406
45793 658 1240 104
8801 305 750 135
30559 408 10152 214
20559 388 618 54
44305 658 1192 83
40163 536 1762 107
32226 500 7053 205
21036 471 5159 296
30436 523 18444 416
59324 787 11084 274
32642 496 2520 72
25776 470 190 19
46239 606 468 26
25896 409 25896 409
30695 281 6351 87
43103 687 10065 337
62528 765 2670 132
30192 531 13126 372
26187 359 72 2
32054 543 510 94
32543 444 4736 165
33687 368 2944 92
41256 687 6342 230
32537 552 1119 90
26680 515 1928 86
36182 486 1283 131
24706 455 440 40
16596 291 1052 72
12103 236 160 16
36083 779 6912 315
35831 540 6622 235
55794 872 819 63
43106 508 4930 178
11178 199 492 63
28798 410 4638 140
20920 364 3470 149
25836 338 3613 96
30030 325 4145 102
16518 150 9195 95
21371 297 9703 185
26630 378 15022 270
39319 492 16550 339
25618 441 678 57
30425 343 5745 100
30696 476 6152 246
35424 439 48 2
28885 517 14 7
16599 236 2552 89
44228 698 27620 560
21483 371 8817 263
17038 446 1991 219
56729 582 5984 225
39275 470 12672 308
13876 361 5100 189
34661 439 1975 79
31402 428 1549 50
30961 511 479 86
28522 503 938 67
17816 434 2547 232
30985 507 1525 86
29446 449 292 28
47448 648 33697 532
19037 359 19037 359
26512 467 1797 81
35244 705 13034 400
26175 441 1455 99
30929 445 1517 73
55008 515 5956 165
41656 704 1071 63
37898 321 14869 155
22501 346 3375 76
40213 539 5620 222
35279 618 17600 426
18164 331 1349 71
27336 434 1121 53
27324 399 9542 238
7931 206 3017 144
19211 387 5126 236
28914 379 432 31
21920 207 7234 109
31583 493 2745 89
44580 742 7664 239
51218 595 6132 201
40376 405 3558 86
37209 475 14101 297
47956 553 2512 102
35662 629 1576 110
30270 465 10819 260
34024 637 2160 248
39285 550 7278 205
35428 627 7637 258
26487 306 1386 62
49226 641 1466 146
48483 761 12358 340
36915 558 3246 183
23580 291 3850 90
36777 584 3146 199
9725 250 4032 160
41690 590 3006 180
43131 635 474 42
34139 483 10844 253
37426 503 7923 234
6354 176 1076 101
33528 686 7158 341
32279 484 3707 162
18105 189 2774 65
47253 635 1449 143
36496 526 14650 321
49932 606 795 85
26321 586 1290 129
22260 458 21930 455
56333 615 20206 378
36995 555 3289 166
25575 279 615 31
20212 259 4026 66
22053 323 2934 81
37866 700 4448 274
29050 310 21442 268
37390 635 11731 311
47888 761 447 60
8158 130 621 27
27227 466 2538 178
27533 608 899 83
48999 771 2281 202
9879 249 2065 77
24351 482 4643 236
43540 500 5984 148
31321 457 697 41
40718 458 22281 330
28186 407 4299 132
60202 619 11855 293
59554 849 1520 80
15554 349 859 128
16547 290 662 44
31438 587 3474 176
58603 883 10269 385
34554 557 1374 69
30819 474 3793 119
26339 581 3835 200
23225 483 630 70
15766 387 630 77
34549 428 14791 277
25020 316 6758 126
26020 475 1972 236
33137 440 2619 135
24153 348 413 59
18404 399 6313 210
19476 383 847 121
23212 443 1564 162
41688 643 1051 75
24658 292 459 17
26954 330 153 17
34750 490 8070 208
49741 679 552 81
46447 652 6351 221
17999 488 5916 288
45661 758 5802 312
6112 127 4305 103
36625 436 1440 93
23449 405 5585 246
37371 768 724 132
50887 715 2347 133
49959 504 612 34
32535 589 1080 100
23672 414 2364 110
34059 556 112 28
34266 437 11662 239
65618 895 11315 384
24903 359 2063 104
46131 666 10887 278
22716 486 7313 334
19309 278 4534 125
29113 515 7382 283
31196 691 450 121
41715 429 13820 240
17056 347 627 57
64862 870 19471 381
48024 608 6903 217
28954 572 3979 317
23421 471 5298 244
27269 266 1446 26
32932 365 14865 190
21334 342 13668 267
24727 262 7393 118
38533 676 21112 520
40235 461 8945 252
29313 573 1550 138
50077 567 5 1
32814 681 5826 280
16633 329 5693 177
35238 426 18797 304
25496 493 18897 420
26876 392 6320 163
17295 309 8 2
58871 864 16400 453
42598 588 10372 290
23652 432 3018 156
37567 559 6403 188
32707 502 2830 211
32487 462 5323 175
32921 492 6137 269
5504 221 2768 160
9745 133 9745 133
19319 333 18563 327
52723 544 13898 271
28984 421 3205 121
23412 496 494 79
21626 303 442 74
26414 374 15244 283
42970 867 1462 173
29059 401 3046 70
14236 257 2587 108
10711 234 270 19
55457 785 998 119
24049 470 4076 226
15291 315 3818 153
47480 719 8698 271
36244 659 1198 163
48547 625 20458 377
44000 497 13798 240
10121 148 5663 104
16885 368 2892 170
39035 654 7909 253
16916 310 3697 122
25941 579 2713 203
35125 556 17283 351
49974 712 42438 650
24428 372 4297 189
50674 563 1740 54
25846 339 4441 123
28393 432 2124 118
25703 364 3135 120
35213 520 22990 411
22346 469 117 13
47483 636 1912 57
21004 290 91 7
16121 334 4353 174
30125 496 4231 158
45812 861 28710 690
24341 273 1293 21
16313 351 3960 181
29288 525 56 14
26391 277 584 40
26649 379 6538 180
47146 664 7608 251
29391 506 2614 185
17600 364 696 110
41698 633 1133 116
15844 287 1053 67
29142 524 14526 400
36749 645 783 87
42425 676 3420 178
20911 401 6154 254
35399 566 1202 94
25231 466 11741 357
23097 272 2108 61
48327 696 25505 499
24494 337 70 7
18721 305 4348 158
21242 293 242 11
48341 480 9624 154
57788 769 9470 334
34790 531 22219 413
25574 362 2037 103
25797 603 5384 254
13372 235 252 36
37745 598 12953 308
52949 765 10632 388
12032 268 256 16
11928 254 852 70
30822 321 1349 71
20547 511 1560 147
33067 440 240 60
25464 302 3934 103
14899 207 10125 145
60751 815 374 40
25928 389 2553 133
28062 283 220 11
11508 384 626 61
36970 592 9791 324
46575 454 4634 150
30380 570 7539 287
63820 772 46287 653
58981 698 1767 93
41205 552 5671 153
25540 546 7190 323
41090 574 1310 65
32452 499 26304 446
23105 354 120 20
17867 268 16179 255
31019 328 1529 31
60793 722 1851 95
55776 835 5395 259
33792 427 11545 230
25215 549 15606 472
28784 376 552 23
23805 444 4730 215
41982 535 22316 383
23032 428 22616 424
38493 678 5034 276
19487 301 11659 206
47616 567 675 27
48872 697 4834 186
15478 189 15478 189
32233 521 5274 175
21373 198 1680 29
35138 378 16878 266
31011 425 12636 265
39537 529 2197 171
26259 375 5720 173
19966 343 4351 170
40715 378 690 30
37685 542 12918 335
15938 288 1098 57
50164 732 4402 111
38701 468 23711 356
44533 660 1818 78
48261 621 14961 312
32057 585 1450 139
41939 528 791 26
29026 390 6527 186
56421 815 2676 132
14513 190 7591 130
41113 620 12499 333
18118 413 15838 393
11367 194 1378 53
13440 235 810 27
36120 532 6694 237
47397 566 8057 163
23612 399 3518 160
17868 506 13269 450
21314 328 1485 100
20402 280 700 28
20162 286 4054 130
48273 675 11168 302
32832 460 2592 66
34953 444 20863 340
22348 394 4357 172
63077 665 858 39
38137 414 10734 249
37126 681 128 8
40928 569 357 77
22162 455 245 49
45631 682 14643 355
44534 700 19042 501
18488 287 384 11
60976 789 1598 47
48077 562 11389 258
52058 684 580 29
20915 366 2012 91
27303 526 11781 336
36436 522 2534 173
38683 398 2402 54
30165 498 736 92
39862 676 2561 142
28180 470 3229 199
31435 417 132 4
7731 235 2019 167
8741 235 2558 151
45132 691 14835 364
26915 555 10602 281
16333 325 3280 157
33255 600 10922 308
43873 502 108 36
32831 673 402 48
14722 335 13036 322
49686 582 11783 274
16298 171 1061 23
14032 192 1844 59
30866 723 1735 144
34305 536 2921 176
24514 361 7094 198
51135 682 19654 475
31487 443 11753 249
18852 410 3789 213
27576 352 27028 348
26593 416 484 44
30173 496 2448 109
13328 216 13328 216
34963 570 693 133
19516 255 1501 32
20479 486 2496 245
14452 241 14452 241
40304 548 16444 326
16348 337 3534 112
24171 303 845 91
22670 360 2124 130
23724 274 1415 105
16736 227 4026 131
20652 405 2841 132
15351 205 14100 193
7779 258 1219 136
41674 683 4728 236
29116 347 14769 243
25141 491 6348 323
8198 180 1482 57
20699 306 485 37
66514 527 14131 167
20564 395 7256 210
36273 495 11529 236
22497 380 1052 51
28558 499 2881 190
40512 603 19680 442
50355 655 3325 161
9959 182 2747 81
27940 539 5259 204
25185 477 7549 308
38575 581 2804 135
27975 317 1537 87
39271 651 10544 358
22461 429 40 5
25055 539 9574 288
44678 439 3582 66
39230 613 13530 343
24916 395 2718 154
23930 447 3534 144
28651 454 144 8
47894 575 5597 187
22388 319 1518 69
35958 519 3203 205
44194 612 7652 164
54501 607 8030 262
37785 637 3708 189
56896 741 2794 191
27265 338 9979 219
13097 270 3024 121
31549 479 1658 83
27591 372 4484 134
30409 403 6244 217
15583 436 1006 136
14934 368 7126 279
31176 495 2030 101
49462 586 9585 213
21686 458 4625 249
23281 478 8692 315
21934 381 21934 381
19481 451 12862 392
30271 429 4790 121
30567 488 16940 349
13617 250 304 38
29769 465 2130 71
25214 407 9351 220
21799 295 400 22
33650 378 19313 288
45520 553 1328 70
9774 265 9774 265
38165 687 3449 216
26371 487 2091 153
53085 609 4642 206
35672 483 10863 209
14407 292 4638 194
21469 464 4175 231
24264 349 960 20
26848 491 882 58
32303 448 10157 211
37064 513 3498 210
54248 531 5947 130
10956 132 3964 81
27730 494 9509 295
24745 211 3125 62
27937 333 8224 160
24445 435 1368 101
9609 221 1491 85
53298 691 1470 121
30098 412 16000 303
16316 273 264 21
41812 535 91 91
45649 595 2196 66
30974 472 6743 181
35255 522 7743 226
11550 612 7035 483
21635 542 3260 338
36191 543 10743 298
19174 300 19174 300
33101 547 4590 193
26580 537 2907 164
24089 467 851 49
40729 673 3536 187
2231 71 1846 66
33634 457 7090 203
42127 573 1512 92
52381 585 6929 186
30074 482 2015 122
45384 689 6680 279
12433 370 537 104
37981 520 7392 195
31308 448 5016 208
24425 336 14450 268
26803 349 15142 266
33907 576 2688 211
44232 664 2410 212
17013 223 1107 41
18109 339 1361 81
19979 284 375 15
20792 432 4117 194
62091 859 3651 139
18998 381 1312 95
24654 345 4967 171
48231 660 570 38
32985 434 324 12
35982 526 28585 468
39211 648 1098 75
28799 552 3996 233
22908 484 21802 477
15051 365 2976 188
23220 326 10688 207
24313 498 2057 194
43442 600 1620 90
18328 364 5590 182
34691 432 792 33
37546 571 1375 95
43606 719 1006 70
37055 635 348 98
40153 498 3965 124
54733 588 1104 72
22859 562 144 48
21409 457 1474 177
43838 602 21935 421
30272 446 24187 408
35114 627 4899 191
39603 581 455 55
20683 325 18423 305
29218 467 5830 213
27968 416 22004 374
11861 413 4917 289
56429 698 11036 263
45563 645 7049 179
30909 416 2691 73
27776 455 1525 91
29533 381 2914 121
28784 386 2677 113
67312 849 9671 272
14520 308 14520 308
21355 406 3905 122
52883 701 1120 46
24804 470 24804 470
32105 493 7039 225
24923 426 3241 117
25095 298 13922 215
51241 523 1502 40
36645 739 5929 381
17637 283 1758 61
28438 563 28438 563
22624 304 6017 157
37722 482 2853 119
45440 502 4191 106
21525 402 1144 88
23881 382 95 5
22659 331 2016 96
50270 622 7126 207
31531 492 2623 119
70850 754 1682 58
6713 189 171 19
35776 430 3185 103
33172 457 144 12
12210 220 1960 56
26350 402 1756 84
26888 455 46 23
41225 706 8296 348
10598 302 5754 214
25708 507 348 48
24565 462 820 90
28175 510 9419 327
40190 585 1291 98
26615 423 350 35
24089 545 304 139
10820 169 297 47
24202 269 8195 165
25747 489 20403 457
25932 369 600 30
16992 329 290 45
34479 526 10979 280
19446 379 1794 82
36021 718 7173 329
35794 642 18145 455
12792 195 12792 195
10112 255 1824 110
18752 394 976 112
34068 617 4332 258
42439 518 1137 103
31891 437 264 22
37076 460 2326 150
75278 836 2015 131
26737 530 352 121
10369 228 5571 163
31688 549 2045 165
33464 542 8258 305
34662 647 11985 405
28477 472 748 68
46529 552 7511 240
20989 487 2781 135
34707 381 4412 98
11467 325 6671 249
21690 467 5197 206
23439 459 17980 406
9973 144 7144 121
19301 395 6456 226
26736 548 3426 234
27218 562 5388 261
44225 818 39080 769
23155 395 7805 266
18057 397 6551 261
36620 559 16144 358
27773 579 13268 402
39262 433 24146 314
40013 566 519 49
12098 300 8538 263
27068 427 7643 227
27091 241 3123 41
11109 256 8805 232
37818 489 30614 436
10998 136 10998 136
30518 454 5344 170
23878 362 1084 43
44805 801 425 25
20562 404 12384 317
39113 575 3546 159
30396 360 46 2
28323 356 962 37
37004 567 21516 419
28539 320 5984 129
49185 678 1684 61
51021 548 3069 96
40871 497 13488 267
15918 253 986 45
25226 391 9638 182
30698 329 3876 83
35506 481 1309 55
31838 572 2246 230
32535 420 1683 99
28830 330 871 52
26403 498 12192 329
15621 272 375 15
23589 371 294 21
26394 370 18378 304
30482 373 16678 263
22922 379 556 79
40903 433 1142 32
33062 453 8636 246
34450 558 20406 448
25709 269 438 87
15124 315 790 68
27356 524 866 133
43551 611 7593 241
23120 283 2113 49
30411 363 5159 106
6586 227 4036 176
32009 531 5787 243
44570 665 184 23
27511 359 4694 127
34455 601 526 44
56024 795 5201 197
33405 260 3190 53
17354 380 252 36
35614 495 6145 147
32857 550 4123 239
15672 480 6733 376
30297 492 4957 203
24226 275 15654 211
57491 763 22839 436
22688 269 8247 143
34324 504 237 23
24861 394 921 67
18715 363 564 94
23958 627 11410 475
28601 391 24249 357
28371 457 4345 214
20173 318 19543 311
39659 498 12973 240
22352 386 134 67
8301 117 482 26
35871 839 9306 464
36321 512 520 18
21424 350 1614 80
43887 576 3432 158
20082 403 1792 134
36447 735 23307 600
18948 321 4398 120
29253 546 384 52
33158 499 5933 173
37558 444 444 51
34546 559 3145 164
38393 440 1853 74
43284 718 7289 314
51946 550 1320 60
15981 266 1258 37
35631 527 2289 109
39547 704 20086 493
32263 494 1080 41
16197 426 4206 243
7776 230 7776 230
27329 514 1935 157
30842 559 2747 173
36889 593 1068 66
11495 334 11495 334
44059 492 15 1
23726 364 603 67
36059 611 2786 158
42749 711 4232 178
33802 584 26970 528
45058 558 5227 182
66012 812 1214 168
39374 601 90 15
16289 233 903 59
53261 619 7771 208
53061 851 4501 297
34595 597 13695 376
38182 484 1104 46
41637 634 4806 188
11474 429 11474 429
49529 717 17256 436
17442 426 11568 364
46859 471 12824 208
52664 565 8805 219
9166 240 3176 138
13998 388 2271 150
48028 578 1282 70
36229 610 6671 220
28166 402 7472 206
28019 300 224 6
37619 593 392 28
45547 764 25143 511
42376 517 6452 109
12534 283 11034 271
21069 468 6154 232
35659 438 3293 123
52760 689 1211 71
14408 277 3689 187
18615 334 120 10
20738 419 1223 73
33098 580 1926 112
37627 726 6161 339
14383 208 406 23
25520 289 1126 101
6741 159 6741 159
30816 422 6965 171
42100 521 5023 172
57014 602 1490 35
65330 690 30014 481
38642 557 5912 214
41538 621 2958 109
28931 463 11166 283
28199 429 1381 103
19604 239 1920 30
25651 482 5119 309
22344 429 17177 386
38105 526 5583 132
29809 407 14234 261
50623 775 7473 315
25015 436 19357 388
31112 495 140 20
21928 425 105 15
30447 408 3341 139
26236 416 1508 89
32082 759 18 9
38222 808 3371 191
38934 552 2363 76
20295 310 8807 200
40319 781 4068 214
27161 380 1736 93
20851 509 7266 320
15573 329 6567 208
23855 326 7167 159
52217 626 2740 102
26617 392 64 8
22650 209 3841 66
57363 824 34004 575
27664 569 13231 434
9047 241 250 25
23139 456 3731 175
45135 646 19316 478
30696 392 2112 73
54682 620 156 13
18373 243 3933 91
33747 567 1833 112
23907 406 2066 166
44692 706 4008 222
72393 943 38752 749
12727 323 12727 323
21335 312 205 24
22067 327 15803 257
4784 178 1087 83
25256 526 3038 208
30486 698 2239 161
37914 511 5887 188
46503 647 7504 201
34405 599 584 73
30627 485 25580 436
25383 527 1432 107
34142 433 26914 381
57341 593 3195 92
25020 334 2958 88
40858 687 10569 340
32326 407 2153 80
25330 384 1155 35
50454 550 1147 31
39227 497 2982 188
12556 314 1764 100
45049 585 13910 348
46350 749 8059 277
7327 240 704 64
29488 540 1221 49
44113 514 623 24
14472 251 1713 60
24693 394 4104 131
53707 797 21087 483
43581 527 6274 142
24867 349 2526 66
21973 338 8092 181
8245 208 4760 167
14416 281 2196 112
34852 721 13121 487
49487 822 3545 186
22809 372 442 17
24525 381 11797 272
51641 501 10821 164
22316 369 4018 124
36132 447 20553 352
37234 715 17291 552
28534 449 7827 240
18397 387 3030 147
32325 579 5807 226
46136 513 4062 150
32650 465 1125 94
23616 350 393 31
46915 897 2155 215
14833 360 96 8
36807 515 1117 61
6864 157 3150 105
35917 696 22192 523
18087 360 1184 77
14396 289 2462 87
29560 387 5393 153
25526 337 80 8
34946 522 10437 263
20828 392 11657 270
22976 326 2028 65
19994 472 2126 244
20506 403 3491 183
49000 756 17056 393
43841 606 3217 188
27856 294 594 22
45394 579 6362 242
35716 743 4596 341
26800 610 11003 463
25203 443 25203 443
26706 468 4623 217
19112 481 1853 85
31786 570 712 89
25352 463 13619 340
34530 378 3813 113
35300 461 10618 248
19634 354 6511 208
23334 402 23334 402
19223 459 7186 311
24153 367 7778 220
44461 540 2613 67
7566 204 1413 64
30001 686 30001 686
40479 729 3659 254
18976 462 4597 241
35521 520 3512 235
14468 210 840 21
25987 445 2339 158
25862 303 7124 154
52884 576 2744 85
50768 753 734 164
12227 435 6640 346
26093 387 26093 387
33955 513 2552 122
42571 655 3135 131
60786 861 2160 167
57435 751 9790 259
45596 539 780 30
24465 422 2049 77
63179 709 9023 208
38746 448 22890 326
16552 429 492 92
42752 620 5253 229
53495 631 20684 423
40319 415 540 9
34989 501 741 91
15361 363 1244 154
39101 695 1909 144
3092 65 3092 65
38084 673 13840 406
21749 330 3465 92
37898 551 1173 97
30233 369 1932 57
29013 570 2733 233
49379 791 1546 117
